913106
613106
484669
943703
929332
331583
436594
620405
981417
361807
319196
155012
658642
395919
970618
737867
061905
098597
944308
880159
819068
639235
077258
032761
045037
386372
578171
070935
114475
046750
910261
556725
713517
691861
292972
684579
501272
100787
472270
890422
835538
424603
912307
384395
803628
201303
100994
972661
506404
286051
837893
244083
999997
945811
569391
873286
347258
516967
831567
051095
503446
875938
781403
589227
491774
510541
529924
453522
017223
967375
812564
691197
340388
798787
775476
387006
369765
943647
174055
516461
962526
061324
570331
109767
724628
345650
074824
967134
197079
735867
356564
021840
989903
149840
200515
452643
149760
734510
586117
386602
596324
963623
223131
988117
075629
248038
739229
412073
218559
759415
309915
026853
203823
911234
955596
451005
292391
533726
413494
880714
170143
143224
715431
756519
820327
112360
943142
053630
454891
008656
816729
392785
273863
978453
229116
054672
145157
377712
435286
086069
858383
785438
571947
887102
240650
638684
254004
272932
449764
082460
073816
511825
141737
399459
221609
066720
134918
439686
356364
927800
304371
008217
930255
915350
795283
361211
968630
594825
743148
021094
033363
518677
121507
759049
644742
388881
011421
543466
506260
605704
048151
240237
001864
155537
244351
461704
948354
480449
479804
206608
656409
375615
772269
856763
662842
766391
468728
378477
673920
781198
087523
103297
153406
028866
531404
906318
384245
180149
306902
561072
341767
168795
806925
739804
963289
647882
562684
548123
321327
356435
566996
646905
289673
935489
687125
603458
843846
571688
968433
976241
368257
565566
820981
302358
529524
110443
639500
524694
281343
124025
540143
329997
683877
895590
904050
915900
159373
882727
814418
889501
583470
257562
607064
222518
648684
320605
451445
526402
884178
997777
805540
955756
511052
731198
724533
536960
218756
116556
622953
351276
562370
406417
054136
825988
814931
593331
656037
481746
610089
281062
884112
334380
181752
813993
191100
621377
488372
017422
354656
911097
210008
180387
480239
500104
444874
480012
360371
211743
959517
364222
215227
133707
186312
073577
994304
685141
776980
055986
689140
258487
169387
202912
015865
462933
154986
000816
207542
930456
777661
111411
294452
368415
816578
268812
553091
038730
534533
743212
218596
074114
205434
002612
272028
431277
882911
012377
695993
380377
850348
257374
943671
729111
414875
329231
453011
982800
012653
074946
936685
137054
212684
556010
595411
513501
113410
562481
927907
032988
430667
499336
331810
476207
429924
527384
565151
393194
836393
232897
430374
405105
622780
876763
742425
277859
769925
838739
778584
147977
270052
562856
910957
264825
952335
217948
381761
977486
238654
512434
952890
100935
810850
100344
024554
038564
738365
936177
582473
317009
412729
432747
492955
449565
388551
742518
970577
041072
766482
214768
316933
475560
961633
477452
009554
793070
176893
867134
772467
119327
815753
196345
800751
816422
540054
335022
168858
479372
504658
754622
185966
355858
110866
923373
096597
335921
868990
205588
312471
208713
614144
589207
653403
705832
196391
615366
697483
698002
216822
731342
739447
177947
991307
238511
941438
305500
912040
600589
187813
354771
766098
679545
461414
389872
766066
552784
135603
892525
933164
653062
441022
455578
456370
997085
895196
019682
968422
915344
505498
428641
802505
156050
994200
120108
493438
340264
481447
073261
161149
598714
590664
522630
990543
659152
805590
330853
633270
709670
729367
224675
737033
685706
683472
975005
104145
616426
119067
